world: 240a6924-e026-4049-9b88-8d825f801274
world-name: world
x: 9975.639851062622
y: 67.0
z: 15.292831320095125
yaw: 66.90167236328125
pitch: 27.299957275390625
name: coarsedirt
lastowner: b1577577-534d-36e3-829c-4b8ab538cd5a
