world: 240a6924-e026-4049-9b88-8d825f801274
world-name: world
x: 9803.424679424945
y: 0.0
z: 9863.521013698857
yaw: 107.77490234375
pitch: 22.740947723388672
name: dubSpawner
lastowner: d9a963f3-b6b7-307b-810b-2e8d1cd94f2e
