world: 240a6924-e026-4049-9b88-8d825f801274
world-name: world
x: 9796.206334373694
y: 5.5
z: 9869.957232784782
yaw: 133.341064453125
pitch: 19.307790756225586
name: dubSpawner
lastowner: d9a963f3-b6b7-307b-810b-2e8d1cd94f2e
