world: 240a6924-e026-4049-9b88-8d825f801274
world-name: world
x: 9999.372509277275
y: 76.0
z: 2534.137324762426
yaw: -77.27703857421875
pitch: 15.600022315979004
name: farm_go
lastowner: b1577577-534d-36e3-829c-4b8ab538cd5a
