world: 240a6924-e026-4049-9b88-8d825f801274
world-name: world
x: 357.50830160259596
y: 64.0
z: 1050.434892903902
yaw: -59.100433349609375
pitch: 49.35000991821289
name: farm_villager
lastowner: b1577577-534d-36e3-829c-4b8ab538cd5a
