world: 240a6924-e026-4049-9b88-8d825f801274
world-name: world
x: 10302.456115825702
y: 80.0
z: 10092.34910545968
yaw: 8.435546875
pitch: 41.54084396362305
name: Jungle
lastowner: d9a963f3-b6b7-307b-810b-2e8d1cd94f2e
