world: 240a6924-e026-4049-9b88-8d825f801274
world-name: world
x: 372.76729137245076
y: 63.0
z: 1060.5458114939815
yaw: -53.25043869018555
pitch: 7.500012397766113
name: Lang
lastowner: b1577577-534d-36e3-829c-4b8ab538cd5a
