world: 240a6924-e026-4049-9b88-8d825f801274
world-name: world
x: 675.0254098782979
y: 70.9375
z: 873.8046788297085
yaw: -163.9498748779297
pitch: 5.250030517578125
name: Lang
lastowner: b1577577-534d-36e3-829c-4b8ab538cd5a
