world: 240a6924-e026-4049-9b88-8d825f801274
world-name: world
x: 9821.17790618867
y: -37.0
z: 9844.775839390712
yaw: -127.9305419921875
pitch: 15.906404495239258
name: mine
lastowner: d9a963f3-b6b7-307b-810b-2e8d1cd94f2e
