world: 240a6924-e026-4049-9b88-8d825f801274
world-name: world
x: 7.015802769201839
y: -32.0
z: 843.6999999880791
yaw: -94.08334350585938
pitch: 8.931296348571777
name: spawnerZom2
lastowner: d9a963f3-b6b7-307b-810b-2e8d1cd94f2e
