world: 240a6924-e026-4049-9b88-8d825f801274
world-name: world
x: 9836.226197679922
y: -29.0
z: 9861.748992962086
yaw: 72.81549072265625
pitch: 17.84309196472168
name: spawnerZom
lastowner: d9a963f3-b6b7-307b-810b-2e8d1cd94f2e
