world: 240a6924-e026-4049-9b88-8d825f801274
world-name: world
x: 9823.078248758029
y: -31.0
z: 9861.755243530879
yaw: -122.99581909179688
pitch: 22.704204559326172
name: spawnerZom
lastowner: d9a963f3-b6b7-307b-810b-2e8d1cd94f2e
