world: 80f47461-f75d-4e33-b04e-cbfa33b64eed
world-name: world_nether
x: 1066.300000011921
y: 73.0
z: 1175.5477876527125
yaw: -100.76278686523438
pitch: -27.939180374145508
name: ThanhNether
lastowner: d9a963f3-b6b7-307b-810b-2e8d1cd94f2e
